K=[[659.81531748, 0.00000000, 634.27502575], [0.00000000, 675.89216586, 399.59526493], [0.00000000, 0.00000000, 1.00000000]]
dist_coeff=[0.009225288073331894, 0.11877838871914687, -0.008850057927963083, 0.0077549737755990686, -0.1617903747491421]
board_pattern=(10,7)
board_cellsize=0.020