K=[[640.25452877, 0.00000000, 628.55359889], [0.00000000, 634.71331506, 371.58934943], [0.00000000, 0.00000000, 1.00000000]]
dist_coeff=[-0.003280495547304947, 0.14336901180362144, -0.008809958601142318, 0.0038199084915472425, -0.17115633950552547]
board_pattern=(10, 7)
board_cellsize=0.025