K=[[904.37506382, 0.00000000, 678.53835620], [0.00000000, 766.68651170, 435.66893130], [0.00000000, 0.00000000, 1.00000000]]
dist_coeff=[0.02402269049495, -0.5647570185067435, 0.013773852263923648, 0.018542707176849228, 2.7222135346360252]
board_pattern=(10, 7)
board_cellsize=0.023