K=[[641.97458553, 0.00000000, 632.76142357], [0.00000000, 659.62044618, 411.22891850], [0.00000000, 0.00000000, 1.00000000]]
dist_coeff=[-0.010583489021986478, 0.15544272384476296, -0.008342926805143105, 0.004028343032612032, -0.1654062740542304]
board_pattern=(10, 7)
board_cellsize=0.025